image: c_track.pgm
resolution: 0.050000
origin: [-4.786594, -10.815871, 0.000000]
negate: 0
occupied_thresh: 0.65
free_thresh: 0.196

