image: map_iv.pgm
resolution: 0.050000
origin: [-9.741103, -1.756235, 0.000000]
negate: 0
occupied_thresh: 0.65
free_thresh: 0.196

